Time           Ask    Bid
06 18 13 59 55 1.1397 1.1394
06 18 14 00 08 1.1399 1.1396
06 18 14 00 09 1.1398 1.1395
06 18 14 00 14 1.1399 1.1396
06 18 14 00 18 1.1398 1.1395
06 18 14 00 23 1.1397 1.1394
06 18 14 00 29 1.1398 1.1395
06 18 14 00 33 1.1399 1.1396
06 18 14 00 44 1.1400 1.1397
06 18 14 00 49 1.1401 1.1398
06 18 14 00 54 1.1400 1.1397
06 18 14 01 10 1.1401 1.1398
06 18 14 01 14 1.1398 1.1395
06 18 14 01 18 1.1399 1.1396
06 18 14 01 29 1.1398 1.1395
06 18 14 01 34 1.1399 1.1396
06 18 14 01 39 1.1398 1.1395
